1695062874
1695073617
1695073929
1695074454
1695075362
1695077441
1695078670
1695078696
1695110957
1695115277
1695115340
1695126523
1695126750
1695127121
1695127879
1695129253
1695131185
1695131480
1695131596
1695131633
1695132185
1695132257
1695132614
1695132990
1695133129
1695133260
1695133684
1695133708
1695133727
1695135244
1695137931
1695137947
1695137976
1695138097
1695138339
1695149195
1695149270
1695149328
1695149721
1695150552
1695153350
1695217058
1695217080
1695219882
1695219905
1695222559
1695222609
1695222633
1695225592
1695225610
1695225629
1695227062
1695227080
1695227098
1695228465
1695228485
1695228505
1695233473
1695240233
1695240374
1695240850
1695242799
1695243257
1695251078
1695251131
1695252263
1695252284
1695252306
1695252938
1695300819
1695300841
1695302630
1695302650
1695307245
1695309671
1695309736
1695309836
1695310140
1695310162
1695310271
1695312813
1695312967
1695313221
1695313715
1695327376
1695327535
1695327721
1695328223
1695392761
1695392805
1695393068
1695393330
1695393735
1695395614
1695396210
1695396467
1695396948
1695397337
1695397768
1695400844
1695402678
1695403251
1695403481
1695404188
1695404503
1695405020
1695405492
1695413485
1695414115
1695414275
1695417200
1695417656
1695453749
1695456347
1695457039
1695459376
1695459387
1695459404
1695461239
1695461259
1695462954
1695462969
1695464107
1695464128
1695466687
1695466701
1695467995
1695468052
1695468328
1695469681
1695470538
1695472275
1695472779
1695473441
1695475229
1695475708
1695477994
1695478173
1695480298
1695480564
1695483264
1695483395
1695485568
1695485750
1695485898
1695486015
1695495152
1695496516
1695500350
1695500442
1695542675
1695543607
1695545133
1695545885
1695546146
1695546366
1695548224
1695548616
1695548665
1695550448
1695552466
1695553649
1695558537
1695558789
1695559474
1695559528
1695560008
1695562204
1695562836
1695563152
1695563673
1695564190
1695564694
1695565177
1695565613
1695566235
1695568332
1695573718
1695573756
1695587646
1695587722
1695592800
1695593201
1695653909
1695653949
1695654085
1695656079
1695656599
1695657132
1695658759
1695668914
1695669922
1695669947
1695670340
1695670362
1695670379
1695671376
1695671926
1695672141
1695672267
1695672348
1695672472
1695672607
1695672734
1695672864
1695672942
1695673018
1695673093
1695673168
1695673272
1695673422
1695673500
1695673568
1695674194
1695674389
1695675170
1695675963
1695676756
1695677538
1695678320
1695679115
1695679910
1695716961
1695729780
1695730993
1695733045
1695733206
1695735069
1695746579
1695751073
1695751178
1695751760
1695751978
1695752042
1695754496
1695756061
1695757229
1695757906
1695758608
1695761155
1695761723
1695762407
1695766466
1695766485
1695767928
1695801261
1695801401
1695801488
1695802151
1695802979
1695803516
1695803938
1695803965
1695804004
1695804525
1695804941
1695804968
1695805044
1695805096
1695805156
1695805354
1695805525
1695805593
1695805621
1695805947
1695806054
1695806073
1695806133
1695806810
1695807402
1695807487
1695807687
1695807722
1695807760
1695807795
1695819718
1695819753
1695819812
1695819844
1695819866
1695819892
1695821630
1695821657
1695822887
1695823622
1695823769
1695823845
1695823898
1695823999
1695827577
1695827671
1695828434
1695828700
1695828799
1695829026
1695829376
1695831485
1695831790
1695832266
1695833059
1695833851
1695834634
1695835416
1695836211
1695837006
1695837789
1695838573
1695839369
1695840165
1695840950
1695841734
1695842531
1695843330
1695844116
1695844903
1695845702
1695846502
1695847289
1695848076
1695848876
1695849676
1695850464
1695851252
1695852053
1695852852
1695853641
1695854430
1695855233
1695856035
1695856826
1695857617
1695858421
1695859225
1695860017
1695860809
